71996643631
71999701004
71992401070
71992286130
71999640812
71988162009
71999072128
71991601360
71992856130
71988204942
71993186230
71999717690
71993250450
71988977601
71987959670
71992295065
71992607127
71991465870
71992255565
71991132516
71988886182
71991187882
71996699891
71986684605
71999710772
71987938094
71996447911
71986649383
71981511852
71988127623
71999736280
71999145688
71992608632
71986684604
71986665168
71999662755
71986840785
71991820706
71999964107
71987850450
71987776182
71988559924
71986684617
71999381717
71982581003
71991504897
71996703342
71996573559
71999677401
71992704697
71988983171
71991402581
71999161817
71986664944
71981550536
71986869315
71981029684
71999813807
71991644811
71996812744
71992408047
71991015885
71988937852
71999935434
71991861754
71988578261
71999101330
71981826932
71991374960
71999850505
71997297574
71999154611
71968612530
71999280725
71988165697
71999788559
71999485626
71998788559
71987430249
71996222863
71996845598
71999894912
71983124555
71992544752
71983352929
71992426872
71992109923
71987676307
71986055248
71992177540
71988654022
71992254399
71988653473
71982403840
71999293109
71996731889
71987153039
71991121849
71999142160
71988851209
71993217033
71970788724
71983566161
71985070000
71999227551
71993249552
71992747598
71992328473
71999911000
71981925131
71986067811
71987802602
71997370973
71993277460
71988683098
71988770134
71999751817
71994066915
71987517039
71999140011
71999943061
71992271169
71981057490
71991919225
71991919225
71993550170
71999985711
71992120616
71992031533
71984235693
71992920981
71986653807
71991426235
71991426235
71981587454
71988493037
71996794608
71987669764
71983896958
71986560192
71999551605
71999995154
71999323020
71997048588
71987274352
71987828246
71999773341
71988947369
71981946139
71991847427
71986948378
71992491573
71993133609
71999086262
71986649383
71999073004
71992510637
71986398142
71983428831
71981107623
71988071023
71992410881
71991636865
71999424175
71983135804
71981312312
71997244862
71981321069
71986345037
71987967425
71997201383
71991242324
71986015588
71991922131
71999560472
71982385041
71992002115
71988116373
71999969891
71999529990
71986103551
71991040627
71997315522
71988996916
71983390344
71996669477
71996669477
71996669477
71996669477
71991383834
71999501738
71981407729
71991460843
71983394711
71981057490
71999073004
71981323120
71991530284
71999597675
71996647675
71993403376
71987396279
71991163311
71997006848
71987746965
71988947217
71982005588
71991403063
71999421481
71987225445
71999442823
71991084000
71993580208
71982590874
71996138112
71988272325
71996358941
71991337174
71992693333
71981314352
71991870806
71987368299
71996863600
71987771510
71999721827
71999073004
71981040043
71999852072
71988186070
71988060597
71987931360
71996669477
71999764544
71997273390
71992704697
71985281873
71983417059
71986375516
71987177301
71991357105
71999361126
71988856762
71991112954
71985268400
71988218617
71993951956
71991482413
71999465761
71989531227
71991706704
71991893869
71996271663
71999848697
71992061216
71992061216
71992844451
71992844451
71991616538
71999844666
71999844666
71999381717
71999381717
71985238166
71985238166
71991584908
71991584908
71992109923
71992109923
71987028560
71987028560
71992262143
71992262143
71999258595
71999258595
71981758622
71981758622
71987826650
71987826650
71999773628
71999773628
71991548203
71991548203
71988493037
71988493037
71999612465
71999612465
71986655744
71986655744
71992152319
71992152319
71988234458
71988234458
71988462625
71988462625
71991196560
71992940845
71983595923
71983595923
71988575285
71988575285
71993124286
71993124286
71991262091
71991262091
71981369121
71981369121
71991887615
71991887615
71987027767
71987027767
71999064747
71999064747
71992583349
71991218603
71991218603
71987874810
71987874810
71988382827
71988382827
71991524578
71991524578
71999964399
71999964399
71991799729
71991805342
71983328311
71985113095
71999189863
71999189863
71988882699
71988882699
71982479108
71982479108
71991216047
71991216047
71992023257
71992023257
71996731889
71996731889
71981579912
71981579912
71993499207
71993499207
71991907308
71991907308
71986889008
71986889008
71992735870
71992735870
71992824089
71992824089
71991684483
71991684483
71987961457
71987961457
71999945171
71999945171
71999876257
71999876257
71992120616
71992120616
71986330122
71987831361
71987831361
71992117643
71992117643
71987690318
71987690318
71987423987
71987423987
71999743489
71988907842
71992401070
71999600032
71988685368
71996839010
71993357522
71999664510
71982353461
71992828016
71992762132
71999148736
71982115128
71987268898
71987268898
71987268898
71991762936
71988882699
71992710710
71987741041
71991964859
71996691022
71999000020
71988711104
71991698541
71982318384
71988474383
71998474383
71999858831
71991956732
71999958568
71991977309
71987113303
71999576425
71993735290
71988892665
71981485958
71988668614
71999369733
71988562661
71992582275
71981129966
71999929780
71999831284
71992333337
71999736280
71986649383
71999773628
71987255884
71986426401
71999715898
71986684604
71988935963
71991410129
71991267197
71988680402
71987998147
71983274109
71987295736
71991161025
71988866584
71988920288
71991489041
71988564122
71999257874
71992380397
71991196386
71988472784
71988148586
71983114832
71987541070
71987195438
71999751280
71987581440
71992348429
71993095732
71991793009
71991870546
71991532161
71986062026
71991118999
71986062826
71999470093
71999677401
71999713750
71996178242
71999504757
71988111358
71986462980
71986522274
71988184355
71988023548
71999293132
71991646224
71992717072
71999136088
71986664944
71988548655
71992899101
71988416941
71988399438
71988940998
71999774903
71981675360
71993477946
71986075926
71999556664
71999256765
71991006090
71999883885
71987221448
71988524595
71999800194
71992742770
71999887638
71981817145
71992642440
71992208004
71988582220
71987174887
71993071607
71986014932
71991817483
71996439595
71992285974
71992299325
71987153484
71992186886
71991390927
71992539476
71999354826
71986601128
71981134314
71988481009
71993149612
71993263411
71996552331
71988773085
71996920990
71992401070
71992286130
71999345460
71999072128
71999822854
71992583349
71999965310
71996010921
71999885180
71987933041
71981742142
71991602896
71987628510
71991167422
71999853955
71987303006
71999908248
71999160300
71999616731
71991337000
71999512574
71999088310
71987798746
71988367104
71999491679
71988707206
71991421659
71991250931
71991435834
71999899218
71981851641
71987425960
71999000201
71983352067
71999874660
71987634164
71999964107
71999881692
71985261136
71999694601
71996522974
71981517412
71981642424
71991499092
71999178182
71986196503
71981289588
71999736280
71988679360
71988295658
71999512772
71999352065
71999194989
71999349632
71988828371
71987038695
71991452931
71988989843
71999833506
71987823049
71999787323
71986321328
71999226845
71996252043
71996646844
71996131519
71996703342
71999713750
71996150718
71997000284
71997215853
71999720327
71981714607
71999772744
71991389828
71993520319
71981382797
71981090496
71999990454
71999772224
71991217568
71999677401
71999839060
71997175832
71999468400
